$ANSIBLE_VAULT;1.1;AES256
61653965613433323031343936643366616131376238333963383965616539363330646463313139
6564363061646139383131656235643162396263373831310a353736376232666237653436613965
61386431366163626330363939643932616439326464636338626637646563613732636561306338
6665366436353836370a663262613262653065346462643562353762653562336334353837663639
63646234323565303664323564303637363936373735323564333632316466313530363835323962
33373361663166383834323232386134383331643736636639303332333734333839326431373661
35323233666130623563636239663739623737356663666166303062656233356665353136333064
63336435323864393136333962373431646234393262623638393233346139333735303237383562
35366430613266626132316636626639386232346265383938613938393839373161303031643133
33386631323061653034323361336534383362363131626438303439666237353933353662616562
66623966393531356133666466376232383634633764373930323136363438363134326566623464
62643235333933363434303534326337616166643965343364313238366166323066636238643337
31653233313462643965633834353834393266366362326136343533626133343838326166353034
32346136313638663036386434346262666136616639613435353662376233616264353531323738
64376263346563336665326363353261353536336333333764616163613732613530623064383663
61633764376239383430383463366534616435663764633131653866373162333263366537333836
64363063663636313937626366326135323737383465333161343233393065356231633935363031
66373932666436303935373064326233363966323337663130333633626334616139313661393534
31633038316164656232633736333036393930393439333439376662363063653237303862333262
35633137326464633435613765303739623239666634666166343331393030663930613566616531
65613539383664306231313162383633376164333065383261386437376264633138623830313231
36336332373332343633353931626232323437666231626230316339353634643337663734316463
62333532353439353739323833613535343931336561356465623238376133353161626233356330
66303938626135653564376435306139313261386465356636643730303262303030333462663566
61653234376438306331623661613433636662316366323964383835343134373132646262363666
34303238663338336636636566383765646333303665323733383866346161323063313135386233
30396238393932653832623061353031383039326534373634356165353632343662353362636163
37316463643863623261356561643130376263393438663232333764336534653130653934636138
32356464623737656563646132393562353962653064303766343966336436366433616163383130
31666537373134386536616365653035333532303733316330636136313462313362336337333636
65363537343266623338343830333636613533653866643539313533346437336565653337613530
30333537313366386232303932356531383763613362636534396266343864306133646334303033
32333537346638373633336534663837393837656261376332323831306563633366393265363436
65373731376336386335646562393836653537376536356239666239336535623932383164653433
35623564666437353539643333396361666663363364326234353135353732303331343862353938
30393338313430306563363136653363653439363432303938616335646262336239343962623834
63313138393837653238346263313065363036333332363635353036636532393639353763653732
34373865303961643564393461343362613231313339333966316464303466333061353161363239
35306663313632386265316630363837303036643936303066323164356461356634303266363334
66373464613462653033383464653234396566663235373535653164363138363764323834323739
66393130373562383263313133323765396664393130323031623836353134363037396532376339
30376239303861666435623162303633323666666464643963346565373138303134393733623330
30613136383434353135636466633236393836666134343863313330343936346430313230333562
33326566313961626565346562313632323335646265633139643066376134376136633832623433
39656563653865373739663432346137396233323364333132316536663466316236653130353335
37623636643161353332316136323638303465663739343432303664626338653732363066363966
33656161363232353037623332393063303862306331666231383731643031616536393731306665
38306161636662613166323062633638386636313535656564323336313135366232303262393034
34663432303738626261313230376635323265313236333065376237626237666533656461306330
38376435636462333137666661373834343138376632616430666562636636613561343538343865
61646365666134646332343132386665613563616433393733626132303735376135316238343733
37383233646265666536633839393332333261323063306630643566346432343232323566306666
30636435373865653861313239393137363361346232306335386239623762313231653337313231
64373066623061346561323031646262383664633735613765633434336136373931656136656435
63383861343431346633316638656539643066633464653063366363346136313635356361393835
65383464356263646666383631396131363334636333313932343234353363396130313335353663
37666433383030633635393031343564356637376430616432356338636239376339623966626434
66633966646439653739313131626236363565356332333031616362366136613538656134663135
35373263643938356233623863323261303333346436373435666262613633313266623434333530
64643732366234653032663432393432353163333965386564313963396464646236663062313738
64313735633832643337386236646338376230333564383236343733373133326364653330343831
38643564353365656437653934656562383938613236393134363337383766333636326164643237
36613863383161643333633063346134363833363234323737616136323538353865353035633230
66393136386562663031373230336231373337613862643531326465386137636537343632613734
39343532306233363061396365396437373564663833323830346533316162353534613732373231
38386531356434343962363265323538343962663466633936336233623631383238613062653133
35326333386532336233366336626536396139366363333137323233636239343930333031616466
33363264363761326134303632366261376634653238366432613638663765333631353261383430
62323431623234356533663836663635616430356230383336393566663464303834383934383935
39316265303631306236663036616666646564303437326233316232383333623661363264363833
63393937653235626437343365306462316263313136633433633437626163666662653138663237
38306232343264343938336136323062323134366164323933656535373662616565313438383162
32323666373231333535336638306339313033623531616133616261353832613538396238616539
32336237323733326261633165656231336633363732303330393431323161393833656530343938
62643736376465623263386664393036646134636334333338633939326634333262366630643262
38663664616662353834353435616166646331353264313834646238306662666434626365376536
37333239363662633033333037636132363134313736376564383961303036323237646164666331
38633862313762373434373733326338633461313861626330393334653438326263613338353466
34356632343932383661663861636237396239373563356238366564343438396330386637643661
38383361373861393034396337383338346464353035336261363134656538383234383436353736
38336663663234613262666237386530653733303137306239613837336162623331343963383265
64346336653364663838326235306430373739643138376136386639633161363866623965636239
64613864636137636338386565623839636264636233646665616134306138303532623962653162
31383263386461346539303066383835613863366264646432616461303664613638383334333162
66653432366231613631386332643438393061396464656437353732306465326262633937313437
36323662313039383431613639366361366462663831313562646163333433346265616532653462
62626238376433633166306564393035376561323462336431353737613130323263626238623234
35623239663634656433
